420694532
421123746
422093104
426155252
407918346
425270851
426490302
387504854
413376359
335988708
426079177
425826098
392228888
424958227
426404160
426068564
423694506
425703275
425357011
425679513
426910270
419867306
425326171
425381022
362114586
426858325
422470426
422994527
416255010
425007398
418211390
426142949
420360930
423667037
384983312
421765289
425465927
419002698
410532186
402557649
415314011
419171573
421932444
420625977
418265375
426815910
424453695
442951770
425192325
423017279
443488045
419437563
426615911
425629466
426870489
439645431
445040723
416451047
438103215
417625242
424552149
426207031
442951608
426930507
420272497
425864087
427527300
421276944
423345726
424851255
384601888
421840448
422945990
420014855
415816777
416600205
423205863
422493566
422547546
421753533
415365558
421744617
421104088
421744617
422502425
419514437
358238522
418269095
424855814
418316823
418963333
413748380
414745016
415173044
421953849
423903604
382892217
424467236
419979763
390795327
421089910
425317668
423943719
419849531
421348405
417749499
404825232
419979763
425059798
419047331
421366268
423345726
418050315
417366756
418971266
415384716
360665039
410551484
424114745
394145440
420417059
421727043
424564750
420704553
419097269
410494596
421065531
393351939
393351939
417045180
417235818
421049707
415518036
410961597
420357500
408743962
421038157
423511715
403080735
407785432
405735596
365975880
411877744
404634934
405275624
409178825
411703245
409984693
399692863
412580599
407296283
418170659
417592735
385306471
412279087
426009973
418664711
417448859
407977828
426621474
403794852
406594195
398934632
426455582
404522766
425054989
400769020
404840463
409044941
425853073
418729819
426414639
426418816
426407106
426900151
421895423
425842004
425633430
425209947
426359128
423208497
426892237
416647628
421015351
421031242
427839163
423596306
426581147
426549317
426128194
423359374
427888130
423294694
420233426
426892669
427389559
419758481
427545268
421701770